2.700000000000000000e+01 6.000000000000000000e+00 2.326100000000000136e+02
3.000000000000000000e+00 5.000000000000000000e+00 1.507109999999999900e+03
4.000000000000000000e+00 1.600000000000000000e+01 8.176200000000000045e+02
3.000000000000000000e+00 1.100000000000000000e+01 2.328100000000000023e+02
1.400000000000000000e+01 7.000000000000000000e+00 1.913049999999999955e+03
1.900000000000000000e+01 6.000000000000000000e+00 2.200699999999999932e+02
5.000000000000000000e+00 2.000000000000000000e+00 6.158300000000000409e+02
2.600000000000000000e+01 2.000000000000000000e+00 1.059660000000000082e+03
2.100000000000000000e+01 9.000000000000000000e+00 3.048199999999999932e+02
2.000000000000000000e+00 2.100000000000000000e+01 1.227960000000000036e+03
1.500000000000000000e+01 2.000000000000000000e+00 5.210199999999999818e+02
2.600000000000000000e+01 3.000000000000000000e+00 4.382200000000000273e+02
1.700000000000000000e+01 1.100000000000000000e+01 1.744549999999999955e+03
3.000000000000000000e+01 1.600000000000000000e+01 1.957440000000000055e+03
5.000000000000000000e+00 7.000000000000000000e+00 1.713789999999999964e+03
4.000000000000000000e+00 2.100000000000000000e+01 1.768109999999999900e+03
9.300000000000000000e+01 2.000000000000000000e+00 1.016340000000000032e+03
1.600000000000000000e+01 3.000000000000000000e+00 9.503600000000000136e+02
4.000000000000000000e+00 1.000000000000000000e+00 7.549299999999999500e+02
2.700000000000000000e+01 1.000000000000000000e+00 2.942300000000000182e+02
5.000000000000000000e+00 1.000000000000000000e+00 1.953000000000000114e+02
1.700000000000000000e+01 3.000000000000000000e+00 1.845339999999999918e+03
1.200000000000000000e+01 1.300000000000000000e+01 1.434289999999999964e+03
2.100000000000000000e+01 3.000000000000000000e+00 2.758500000000000227e+02
1.800000000000000000e+01 5.000000000000000000e+00 4.497599999999999909e+02
3.000000000000000000e+01 2.100000000000000000e+01 1.628680000000000064e+03
4.000000000000000000e+00 2.000000000000000000e+00 1.795410000000000082e+03
7.000000000000000000e+00 1.200000000000000000e+01 1.786240000000000009e+03
1.800000000000000000e+01 1.000000000000000000e+00 6.794400000000000546e+02
6.000000000000000000e+01 7.000000000000000000e+00 5.318810000000000400e+03
4.000000000000000000e+00 2.200000000000000000e+01 8.736799999999999500e+02
1.600000000000000000e+01 1.000000000000000000e+00 6.546900000000000546e+02
3.000000000000000000e+00 2.000000000000000000e+00 2.303700000000000045e+02
1.400000000000000000e+01 1.100000000000000000e+01 1.165680000000000064e+03
1.300000000000000000e+01 2.100000000000000000e+01 1.276309999999999945e+03
1.000000000000000000e+01 1.600000000000000000e+01 3.342099999999999795e+02
5.000000000000000000e+00 5.000000000000000000e+00 7.591900000000000546e+02
1.000000000000000000e+00 1.000000000000000000e+00 1.383390000000000100e+03
2.400000000000000000e+01 8.000000000000000000e+00 3.280769999999999982e+03
1.900000000000000000e+01 4.000000000000000000e+00 1.546500000000000057e+02
9.000000000000000000e+00 1.000000000000000000e+00 5.013799999999999955e+02
1.000000000000000000e+00 2.400000000000000000e+01 1.721930000000000064e+03
1.400000000000000000e+01 1.000000000000000000e+00 1.071800000000000068e+02
1.000000000000000000e+01 1.000000000000000000e+00 9.733600000000000136e+02
1.000000000000000000e+01 1.700000000000000000e+01 7.645499999999999545e+02
7.000000000000000000e+00 6.000000000000000000e+00 1.251400000000000091e+03
2.300000000000000000e+01 1.100000000000000000e+01 9.232799999999999727e+02
1.500000000000000000e+01 1.000000000000000000e+00 1.011179999999999950e+03
1.000000000000000000e+00 1.500000000000000000e+01 1.847609999999999900e+03
3.000000000000000000e+00 2.100000000000000000e+01 1.669460000000000036e+03
1.000000000000000000e+01 3.000000000000000000e+00 1.758049999999999955e+03
3.000000000000000000e+01 8.000000000000000000e+00 1.865990000000000009e+03
2.800000000000000000e+01 8.000000000000000000e+00 1.791440000000000055e+03
4.000000000000000000e+00 1.500000000000000000e+01 8.746000000000000227e+02
2.400000000000000000e+01 5.000000000000000000e+00 5.571699999999999591e+02
1.600000000000000000e+01 2.000000000000000000e+00 1.025349999999999909e+03
7.000000000000000000e+00 2.000000000000000000e+00 1.261470000000000027e+03
6.600000000000000000e+01 4.000000000000000000e+00 2.920809999999999945e+03
4.000000000000000000e+00 2.000000000000000000e+00 1.266019999999999982e+03
2.100000000000000000e+01 1.100000000000000000e+01 6.263700000000000045e+02
6.000000000000000000e+00 4.000000000000000000e+00 1.105630000000000109e+03
2.600000000000000000e+01 2.100000000000000000e+01 1.465579999999999927e+03
8.000000000000000000e+00 2.100000000000000000e+01 6.307400000000000091e+02
2.600000000000000000e+01 2.000000000000000000e+00 1.546450000000000045e+03
1.400000000000000000e+01 1.100000000000000000e+01 1.577910000000000082e+03
1.700000000000000000e+01 6.000000000000000000e+00 1.701599999999999966e+02
2.000000000000000000e+01 5.000000000000000000e+00 1.558750000000000000e+03
5.000000000000000000e+00 5.000000000000000000e+00 1.272059999999999945e+03
2.600000000000000000e+01 3.000000000000000000e+00 1.110199999999999960e+02
1.500000000000000000e+01 7.000000000000000000e+00 1.578369999999999891e+03
2.600000000000000000e+01 2.400000000000000000e+01 7.202599999999999909e+02
2.500000000000000000e+01 1.600000000000000000e+01 8.732200000000000273e+02
4.000000000000000000e+00 7.000000000000000000e+00 9.351900000000000546e+02
2.300000000000000000e+01 1.100000000000000000e+01 7.236699999999999591e+02
1.500000000000000000e+01 9.000000000000000000e+00 1.833009999999999991e+03
6.000000000000000000e+00 3.000000000000000000e+00 6.812599999999999909e+02
7.800000000000000000e+01 1.100000000000000000e+01 1.461630000000000109e+03
1.500000000000000000e+01 1.700000000000000000e+01 5.605700000000000500e+02
9.000000000000000000e+00 1.800000000000000000e+01 1.761190000000000055e+03
8.000000000000000000e+00 7.000000000000000000e+00 1.707250000000000000e+03
2.800000000000000000e+01 2.000000000000000000e+00 2.271399999999999864e+02
2.200000000000000000e+01 3.000000000000000000e+00 2.235699999999999932e+02
8.000000000000000000e+00 6.000000000000000000e+00 9.404600000000000364e+02
2.300000000000000000e+01 6.000000000000000000e+00 2.563000000000000114e+02
5.000000000000000000e+00 1.000000000000000000e+00 3.124399999999999977e+02
1.500000000000000000e+01 1.400000000000000000e+01 9.295199999999999818e+02
2.700000000000000000e+01 1.500000000000000000e+01 1.296660000000000082e+03
2.200000000000000000e+01 1.100000000000000000e+01 5.916200000000000045e+02
2.000000000000000000e+00 2.000000000000000000e+00 7.557200000000000273e+02
1.800000000000000000e+01 1.700000000000000000e+01 1.424069999999999936e+03
6.100000000000000000e+01 8.000000000000000000e+00 9.409299999999999500e+02
3.000000000000000000e+00 7.000000000000000000e+00 4.142400000000000091e+02
1.000000000000000000e+00 1.400000000000000000e+01 5.765599999999999454e+02
1.200000000000000000e+01 2.200000000000000000e+01 1.037140000000000100e+03
2.600000000000000000e+01 5.000000000000000000e+00 1.200170000000000073e+03
1.000000000000000000e+00 3.000000000000000000e+00 1.727359999999999900e+03
1.300000000000000000e+01 1.600000000000000000e+01 5.037099999999999795e+02
1.900000000000000000e+01 7.000000000000000000e+00 7.033600000000000136e+02
1.200000000000000000e+01 1.700000000000000000e+01 1.583049999999999955e+03
3.000000000000000000e+00 1.800000000000000000e+01 6.028999999999999773e+02
5.000000000000000000e+00 1.000000000000000000e+00 7.984099999999999682e+02
2.500000000000000000e+01 7.000000000000000000e+00 1.202089999999999918e+03
8.500000000000000000e+01 4.000000000000000000e+00 1.605359999999999900e+03
2.800000000000000000e+01 2.100000000000000000e+01 1.222339999999999918e+03
2.500000000000000000e+01 1.900000000000000000e+01 5.931699999999999591e+02
8.000000000000000000e+00 6.000000000000000000e+00 9.475000000000000000e+01
1.400000000000000000e+01 1.000000000000000000e+00 8.970000000000000284e+01
2.100000000000000000e+01 1.500000000000000000e+01 1.061559999999999945e+03
2.900000000000000000e+01 1.500000000000000000e+01 9.788500000000000227e+02
1.400000000000000000e+01 3.000000000000000000e+00 1.559000000000000057e+02
2.000000000000000000e+01 5.000000000000000000e+00 9.381499999999999773e+02
3.000000000000000000e+00 2.400000000000000000e+01 1.477970000000000027e+03
1.000000000000000000e+01 6.000000000000000000e+00 1.976230000000000018e+03
8.000000000000000000e+00 5.000000000000000000e+00 1.811699999999999875e+02
1.700000000000000000e+01 4.000000000000000000e+00 4.996499999999999773e+02
4.900000000000000000e+01 1.000000000000000000e+00 7.621999999999999886e+01
1.300000000000000000e+01 1.100000000000000000e+01 2.671000000000000227e+02
2.300000000000000000e+01 1.000000000000000000e+00 1.376200000000000045e+02
6.500000000000000000e+01 5.000000000000000000e+00 1.383470000000000027e+03
2.000000000000000000e+01 2.200000000000000000e+01 1.311200000000000045e+03
2.200000000000000000e+01 1.300000000000000000e+01 4.966100000000000136e+02
2.100000000000000000e+01 6.000000000000000000e+00 1.921799999999999955e+03
1.400000000000000000e+01 1.100000000000000000e+01 3.041000000000000227e+02
2.600000000000000000e+01 1.000000000000000000e+00 4.680899999999999750e+02
2.700000000000000000e+01 9.000000000000000000e+00 4.326700000000000159e+02
3.000000000000000000e+01 1.000000000000000000e+00 3.683500000000000227e+02
1.100000000000000000e+01 4.000000000000000000e+00 7.596900000000000546e+02
2.600000000000000000e+01 3.000000000000000000e+00 1.110809999999999945e+03
2.800000000000000000e+01 1.000000000000000000e+00 5.300000000000000000e+01
3.900000000000000000e+01 1.100000000000000000e+01 1.314210000000000036e+03
1.100000000000000000e+01 6.000000000000000000e+00 1.895950000000000045e+03
2.300000000000000000e+01 1.000000000000000000e+00 4.172300000000000182e+02
3.000000000000000000e+00 2.000000000000000000e+00 6.795800000000000409e+02
5.000000000000000000e+00 1.000000000000000000e+00 5.339700000000000273e+02
2.400000000000000000e+01 8.000000000000000000e+00 1.134640000000000100e+03
2.500000000000000000e+01 6.000000000000000000e+00 8.253899999999999864e+02
1.000000000000000000e+01 6.000000000000000000e+00 1.653899999999999864e+02
2.900000000000000000e+01 9.000000000000000000e+00 1.234640000000000100e+03
8.000000000000000000e+01 1.100000000000000000e+01 1.829319999999999936e+03
2.300000000000000000e+01 1.000000000000000000e+00 8.900000000000000000e+01
4.000000000000000000e+00 2.000000000000000000e+00 1.557880000000000109e+03
3.000000000000000000e+00 8.000000000000000000e+00 1.328009999999999991e+03
1.500000000000000000e+01 7.000000000000000000e+00 3.046499999999999773e+02
1.700000000000000000e+01 2.300000000000000000e+01 1.505549999999999955e+03
1.600000000000000000e+01 7.000000000000000000e+00 7.111000000000000227e+02
1.600000000000000000e+01 1.000000000000000000e+00 5.397599999999999909e+02
5.000000000000000000e+00 1.000000000000000000e+00 6.582999999999999829e+01
1.600000000000000000e+01 3.000000000000000000e+00 7.762100000000000364e+02
2.200000000000000000e+01 1.800000000000000000e+01 1.820609999999999900e+03
1.900000000000000000e+01 4.000000000000000000e+00 1.997000000000000000e+03
4.000000000000000000e+00 2.200000000000000000e+01 1.846690000000000055e+03
2.300000000000000000e+01 7.000000000000000000e+00 1.252410000000000082e+03
7.000000000000000000e+00 1.300000000000000000e+01 9.871699999999999591e+02
3.000000000000000000e+00 6.000000000000000000e+00 1.130029999999999973e+03
1.800000000000000000e+01 1.000000000000000000e+00 1.483199999999999932e+02
2.800000000000000000e+01 1.000000000000000000e+00 1.355699999999999932e+02
6.000000000000000000e+00 2.000000000000000000e+00 1.641789999999999964e+03
7.000000000000000000e+00 2.000000000000000000e+00 2.428300000000000125e+02
2.100000000000000000e+01 8.000000000000000000e+00 1.803019999999999982e+03
1.200000000000000000e+01 1.200000000000000000e+01 1.557950000000000045e+03
2.500000000000000000e+01 4.000000000000000000e+00 1.494809999999999945e+03
2.600000000000000000e+01 1.300000000000000000e+01 1.280059999999999945e+03
2.800000000000000000e+01 1.000000000000000000e+00 1.600000000000000000e+02
2.200000000000000000e+01 9.000000000000000000e+00 4.401200000000000045e+02
1.400000000000000000e+01 1.000000000000000000e+00 7.469500000000000455e+02
1.200000000000000000e+01 2.000000000000000000e+00 3.510899999999999750e+02
6.000000000000000000e+00 2.000000000000000000e+00 5.569099999999999682e+02
7.000000000000000000e+00 3.000000000000000000e+00 9.578300000000000409e+02
1.600000000000000000e+01 1.600000000000000000e+01 1.212369999999999891e+03
1.100000000000000000e+01 2.000000000000000000e+00 9.466499999999999773e+02
1.600000000000000000e+01 1.300000000000000000e+01 1.442680000000000064e+03
5.000000000000000000e+00 1.200000000000000000e+01 1.612700000000000045e+03
0.000000000000000000e+00 2.100000000000000000e+01 1.281680000000000064e+03
9.000000000000000000e+00 1.300000000000000000e+01 1.928799999999999955e+03
2.400000000000000000e+01 7.000000000000000000e+00 3.353500000000000227e+02
3.000000000000000000e+00 8.000000000000000000e+00 1.589349999999999909e+03
2.000000000000000000e+01 1.100000000000000000e+01 7.977200000000000273e+02
1.700000000000000000e+01 1.000000000000000000e+00 7.934700000000000273e+02
1.300000000000000000e+01 1.600000000000000000e+01 5.694700000000000273e+02
1.000000000000000000e+01 3.000000000000000000e+00 1.495000000000000000e+02
1.700000000000000000e+01 2.100000000000000000e+01 5.153799999999999955e+02
8.000000000000000000e+00 4.000000000000000000e+00 1.877599999999999909e+02
2.000000000000000000e+01 7.000000000000000000e+00 1.441829999999999927e+03
2.700000000000000000e+01 1.000000000000000000e+00 1.216099999999999994e+02
2.500000000000000000e+01 1.100000000000000000e+01 9.345800000000000409e+02
1.600000000000000000e+01 1.500000000000000000e+01 5.910599999999999454e+02
1.500000000000000000e+01 4.000000000000000000e+00 9.513099999999999454e+02
1.200000000000000000e+01 1.100000000000000000e+01 9.140000000000000000e+02
3.000000000000000000e+00 2.200000000000000000e+01 1.058000000000000000e+03
9.000000000000000000e+00 2.000000000000000000e+00 1.111509999999999991e+03
1.700000000000000000e+01 9.000000000000000000e+00 4.585199999999999818e+02
2.700000000000000000e+01 1.800000000000000000e+01 9.275900000000000318e+02
7.300000000000000000e+01 1.000000000000000000e+00 1.370250000000000000e+03
1.700000000000000000e+01 1.000000000000000000e+00 9.465299999999999727e+02
1.000000000000000000e+01 1.000000000000000000e+00 1.474410000000000082e+03
1.600000000000000000e+01 3.000000000000000000e+00 1.661029999999999973e+03
0.000000000000000000e+00 9.000000000000000000e+00 1.465180000000000064e+03
1.700000000000000000e+01 3.000000000000000000e+00 1.813450000000000045e+03
5.000000000000000000e+00 7.000000000000000000e+00 7.725399999999999636e+02
4.000000000000000000e+00 1.000000000000000000e+00 1.728199999999999932e+02
1.400000000000000000e+01 4.000000000000000000e+00 5.523700000000000045e+02
1.200000000000000000e+01 8.000000000000000000e+00 9.462799999999999727e+02
2.600000000000000000e+01 2.000000000000000000e+00 6.519900000000000091e+02
6.000000000000000000e+00 9.000000000000000000e+00 8.577899999999999636e+02
7.000000000000000000e+00 4.000000000000000000e+00 1.016549999999999955e+03
5.000000000000000000e+00 6.000000000000000000e+00 1.766440000000000055e+03
2.500000000000000000e+01 3.000000000000000000e+00 9.085299999999999727e+02
2.800000000000000000e+01 2.000000000000000000e+00 4.037500000000000000e+02
2.500000000000000000e+01 4.000000000000000000e+00 1.270750000000000000e+03
1.300000000000000000e+01 3.000000000000000000e+00 1.157920000000000073e+03
1.300000000000000000e+01 1.000000000000000000e+00 4.970899999999999750e+02
2.000000000000000000e+00 1.000000000000000000e+00 2.167800000000000011e+02
2.300000000000000000e+01 1.600000000000000000e+01 1.454579999999999927e+03
2.000000000000000000e+00 1.700000000000000000e+01 1.027579999999999927e+03
2.400000000000000000e+01 1.200000000000000000e+01 7.220900000000000318e+02
1.500000000000000000e+01 7.000000000000000000e+00 2.821899999999999977e+02
1.100000000000000000e+01 4.000000000000000000e+00 1.069599999999999937e+02
1.800000000000000000e+01 1.000000000000000000e+00 9.997500000000000000e+02
2.400000000000000000e+01 1.400000000000000000e+01 1.139329999999999927e+03
2.400000000000000000e+01 5.000000000000000000e+00 8.367200000000000273e+02
3.000000000000000000e+00 2.000000000000000000e+00 1.678539999999999964e+03
3.000000000000000000e+00 1.700000000000000000e+01 1.337339999999999918e+03
1.000000000000000000e+00 4.000000000000000000e+00 1.335769999999999982e+03
1.100000000000000000e+01 2.000000000000000000e+00 8.102000000000000455e+02
2.900000000000000000e+01 1.100000000000000000e+01 9.438999999999999773e+02
5.100000000000000000e+01 1.200000000000000000e+01 5.135770000000000437e+03
6.000000000000000000e+00 9.000000000000000000e+00 9.841200000000000045e+02
6.000000000000000000e+00 5.000000000000000000e+00 1.413549999999999955e+03
1.000000000000000000e+00 6.000000000000000000e+00 3.819499999999999886e+02
6.000000000000000000e+00 1.400000000000000000e+01 7.882200000000000273e+02
2.900000000000000000e+01 1.000000000000000000e+00 8.079999999999999716e+01
2.100000000000000000e+01 1.000000000000000000e+00 6.111299999999999955e+02
2.400000000000000000e+01 4.000000000000000000e+00 1.766349999999999909e+03
0.000000000000000000e+00 2.000000000000000000e+00 1.516759999999999991e+03
9.000000000000000000e+00 6.000000000000000000e+00 1.925200000000000045e+03
1.700000000000000000e+01 1.000000000000000000e+00 3.442300000000000182e+02
4.900000000000000000e+01 1.000000000000000000e+00 2.040999999999999943e+02
5.000000000000000000e+00 2.000000000000000000e+00 1.257589999999999918e+03
7.000000000000000000e+00 3.000000000000000000e+00 1.095089999999999918e+03
2.000000000000000000e+00 1.000000000000000000e+00 1.237600000000000051e+02
3.000000000000000000e+00 2.000000000000000000e+00 6.968200000000000500e+02
2.600000000000000000e+01 2.000000000000000000e+00 1.487349999999999909e+03
1.900000000000000000e+01 3.000000000000000000e+00 1.278430000000000064e+03
2.800000000000000000e+01 1.400000000000000000e+01 6.279700000000000273e+02
1.200000000000000000e+01 1.000000000000000000e+00 9.500000000000000000e+01
1.400000000000000000e+01 4.000000000000000000e+00 1.827009999999999991e+03
1.000000000000000000e+01 6.000000000000000000e+00 7.540499999999999545e+02
1.900000000000000000e+01 2.000000000000000000e+00 9.229299999999999500e+02
1.200000000000000000e+01 1.200000000000000000e+01 2.573999999999999773e+02
1.000000000000000000e+00 1.400000000000000000e+01 6.763400000000000318e+02
3.000000000000000000e+00 1.900000000000000000e+01 9.843200000000000500e+02
2.700000000000000000e+01 3.200000000000000000e+01 1.914059999999999945e+03
1.300000000000000000e+01 4.000000000000000000e+00 1.953809999999999945e+03
1.000000000000000000e+00 4.000000000000000000e+00 7.680199999999999818e+02
6.100000000000000000e+01 1.300000000000000000e+01 1.379859999999999900e+03
4.200000000000000000e+01 1.000000000000000000e+00 1.054240000000000009e+03
2.100000000000000000e+01 1.100000000000000000e+01 2.983399999999999750e+02
1.700000000000000000e+01 5.000000000000000000e+00 8.410399999999999636e+02
8.000000000000000000e+00 9.000000000000000000e+00 1.757869999999999891e+03
2.200000000000000000e+01 1.100000000000000000e+01 1.010700000000000045e+03
1.300000000000000000e+01 6.000000000000000000e+00 9.488300000000000409e+02
1.200000000000000000e+01 2.400000000000000000e+01 8.529500000000000455e+02
7.000000000000000000e+00 7.000000000000000000e+00 1.532720000000000027e+03
1.100000000000000000e+01 6.000000000000000000e+00 1.891289999999999964e+03
1.000000000000000000e+01 2.100000000000000000e+01 1.900329999999999927e+03
1.600000000000000000e+01 1.300000000000000000e+01 5.988400000000000318e+02
8.000000000000000000e+00 2.100000000000000000e+01 1.622910000000000082e+03
2.100000000000000000e+01 7.000000000000000000e+00 5.365299999999999727e+02
6.600000000000000000e+01 6.000000000000000000e+00 1.805099999999999909e+02
1.800000000000000000e+01 8.000000000000000000e+00 1.751329999999999927e+03
2.600000000000000000e+01 1.000000000000000000e+00 1.146430000000000064e+03
2.400000000000000000e+01 6.000000000000000000e+00 6.547999999999999545e+02
4.000000000000000000e+00 3.000000000000000000e+00 1.599579999999999927e+03
1.400000000000000000e+01 1.600000000000000000e+01 1.317400000000000091e+03
1.600000000000000000e+01 1.800000000000000000e+01 1.665029999999999973e+03
1.100000000000000000e+01 1.700000000000000000e+01 4.402099999999999795e+02
1.600000000000000000e+01 3.000000000000000000e+00 1.689940000000000055e+03
3.000000000000000000e+00 1.200000000000000000e+01 1.163779999999999973e+03
1.100000000000000000e+01 6.000000000000000000e+00 6.642300000000000182e+02
1.000000000000000000e+01 4.000000000000000000e+00 1.658400000000000091e+03
3.000000000000000000e+00 8.000000000000000000e+00 1.293559999999999945e+03
5.900000000000000000e+01 1.400000000000000000e+01 9.129400000000000546e+02
2.500000000000000000e+01 2.000000000000000000e+00 1.265240000000000009e+03
2.000000000000000000e+01 6.000000000000000000e+00 1.169960000000000036e+03
2.500000000000000000e+01 3.000000000000000000e+00 7.351900000000000546e+02
5.000000000000000000e+00 6.000000000000000000e+00 1.749680000000000064e+03
1.700000000000000000e+01 1.500000000000000000e+01 4.835099999999999909e+02
2.300000000000000000e+01 2.200000000000000000e+01 1.436670000000000073e+03
1.600000000000000000e+01 2.000000000000000000e+00 1.439930000000000064e+03
1.600000000000000000e+01 1.000000000000000000e+00 2.521200000000000045e+02
7.000000000000000000e+00 1.400000000000000000e+01 8.486799999999999500e+02
3.000000000000000000e+01 9.000000000000000000e+00 2.529799999999999898e+02
5.000000000000000000e+00 2.000000000000000000e+00 4.648999999999999773e+02
3.000000000000000000e+00 2.000000000000000000e+00 5.014000000000000057e+01
5.000000000000000000e+00 5.000000000000000000e+00 1.381210000000000036e+03
2.300000000000000000e+01 1.000000000000000000e+00 1.606039999999999964e+03
8.000000000000000000e+00 1.100000000000000000e+01 3.094499999999999886e+02
6.900000000000000000e+01 1.500000000000000000e+01 1.441569999999999936e+03
1.200000000000000000e+01 8.000000000000000000e+00 4.343600000000000136e+02
6.100000000000000000e+01 6.000000000000000000e+00 1.893970000000000027e+03
1.600000000000000000e+01 1.800000000000000000e+01 1.391109999999999900e+03
1.200000000000000000e+01 2.400000000000000000e+01 1.292140000000000100e+03
3.000000000000000000e+00 6.000000000000000000e+00 3.123299999999999841e+02
1.700000000000000000e+01 2.400000000000000000e+01 8.456799999999999500e+02
1.600000000000000000e+01 6.000000000000000000e+00 1.993470000000000027e+03
2.200000000000000000e+01 2.000000000000000000e+00 1.414289999999999964e+03
2.000000000000000000e+00 1.100000000000000000e+01 4.724599999999999795e+02
1.000000000000000000e+01 1.000000000000000000e+00 1.255440000000000055e+03
7.000000000000000000e+00 1.200000000000000000e+01 1.256980000000000018e+03
1.500000000000000000e+01 9.000000000000000000e+00 9.049099999999999682e+02
8.000000000000000000e+00 9.000000000000000000e+00 2.375200000000000102e+02
7.000000000000000000e+00 1.100000000000000000e+01 1.143160000000000082e+03
2.000000000000000000e+01 7.000000000000000000e+00 8.051499999999999773e+02
1.500000000000000000e+01 4.000000000000000000e+00 1.259420000000000073e+03
1.100000000000000000e+01 7.000000000000000000e+00 2.476399999999999864e+02
3.000000000000000000e+00 1.000000000000000000e+00 1.391509999999999991e+03
1.200000000000000000e+01 1.800000000000000000e+01 8.665900000000000318e+02
7.100000000000000000e+01 2.300000000000000000e+01 1.127950000000000045e+03
2.500000000000000000e+01 9.000000000000000000e+00 1.535079999999999927e+03
2.000000000000000000e+01 1.300000000000000000e+01 9.111499999999999773e+02
2.000000000000000000e+01 5.000000000000000000e+00 1.001840000000000032e+03
1.000000000000000000e+01 1.000000000000000000e+00 9.193000000000000682e+01
1.500000000000000000e+01 7.000000000000000000e+00 1.172569999999999936e+03
9.000000000000000000e+00 1.800000000000000000e+01 1.882220000000000027e+03
1.000000000000000000e+00 1.900000000000000000e+01 5.286799999999999500e+02
2.100000000000000000e+01 1.100000000000000000e+01 1.943650000000000091e+03
2.800000000000000000e+01 7.000000000000000000e+00 5.707300000000000182e+02
5.000000000000000000e+00 6.000000000000000000e+00 9.095700000000000500e+02
1.200000000000000000e+01 8.000000000000000000e+00 1.406950000000000045e+03
1.000000000000000000e+01 1.100000000000000000e+01 1.060910000000000082e+03
4.000000000000000000e+00 1.000000000000000000e+00 9.067000000000000171e+01
1.700000000000000000e+01 1.500000000000000000e+01 1.757500000000000000e+03
6.500000000000000000e+01 1.100000000000000000e+01 1.082009999999999991e+03
1.000000000000000000e+00 6.000000000000000000e+00 1.665490000000000009e+03
2.000000000000000000e+01 1.700000000000000000e+01 5.535299999999999727e+02
2.400000000000000000e+01 1.800000000000000000e+01 1.568740000000000009e+03
2.400000000000000000e+01 4.000000000000000000e+00 9.938799999999999955e+02
9.000000000000000000e+00 1.700000000000000000e+01 5.113899999999999864e+02
1.200000000000000000e+01 2.300000000000000000e+01 7.149960000000000036e+03
1.100000000000000000e+01 1.600000000000000000e+01 1.994529999999999973e+03
6.000000000000000000e+00 1.300000000000000000e+01 3.992599999999999909e+02
2.000000000000000000e+01 7.000000000000000000e+00 2.119300000000000068e+02
1.600000000000000000e+01 2.000000000000000000e+00 1.466190000000000055e+03
2.900000000000000000e+01 2.000000000000000000e+00 1.185259999999999991e+03
2.200000000000000000e+01 1.600000000000000000e+01 1.400349999999999909e+03
1.100000000000000000e+01 1.000000000000000000e+00 4.330000000000000000e+02
1.000000000000000000e+01 4.000000000000000000e+00 2.385999999999999943e+02
2.200000000000000000e+01 3.000000000000000000e+00 1.393920000000000073e+03
7.000000000000000000e+00 3.000000000000000000e+00 7.201599999999999682e+02
2.600000000000000000e+01 1.600000000000000000e+01 1.810430000000000064e+03
2.400000000000000000e+01 6.000000000000000000e+00 2.302800000000000011e+02
4.000000000000000000e+00 4.000000000000000000e+00 7.728400000000000318e+02
2.600000000000000000e+01 1.000000000000000000e+00 3.390299999999999727e+02
5.000000000000000000e+00 1.900000000000000000e+01 1.118509999999999991e+03
1.000000000000000000e+00 6.000000000000000000e+00 3.283100000000000023e+02
2.100000000000000000e+01 1.700000000000000000e+01 1.385519999999999982e+03
4.700000000000000000e+01 5.000000000000000000e+00 1.692500000000000000e+02
8.000000000000000000e+00 1.800000000000000000e+01 1.177910000000000082e+03
2.600000000000000000e+01 1.200000000000000000e+01 8.796900000000000546e+02
1.100000000000000000e+01 3.000000000000000000e+00 4.465799999999999841e+02
1.600000000000000000e+01 1.000000000000000000e+00 1.437140000000000100e+03
1.300000000000000000e+01 2.100000000000000000e+01 6.954800000000000182e+02
2.700000000000000000e+01 1.600000000000000000e+01 1.715160000000000082e+03
1.900000000000000000e+01 1.000000000000000000e+00 1.048500000000000000e+03
2.000000000000000000e+00 1.700000000000000000e+01 1.545940000000000055e+03
2.200000000000000000e+01 1.000000000000000000e+00 6.562799999999999727e+02
1.500000000000000000e+01 1.100000000000000000e+01 6.200800000000000409e+02
1.600000000000000000e+01 1.200000000000000000e+01 1.111759999999999991e+03
2.600000000000000000e+01 5.000000000000000000e+00 1.440299999999999955e+03
3.000000000000000000e+01 1.100000000000000000e+01 1.738899999999999864e+02
2.900000000000000000e+01 9.000000000000000000e+00 3.654100000000000250e+02
2.900000000000000000e+01 1.900000000000000000e+01 1.495140000000000100e+03
7.000000000000000000e+00 2.400000000000000000e+01 1.456309999999999945e+03
1.300000000000000000e+01 1.300000000000000000e+01 1.327450000000000045e+03
2.400000000000000000e+01 1.000000000000000000e+00 1.445069999999999936e+03
2.000000000000000000e+01 2.000000000000000000e+00 6.746999999999999886e+01
1.500000000000000000e+01 1.400000000000000000e+01 7.599500000000000455e+02
8.000000000000000000e+00 1.100000000000000000e+01 2.683100000000000023e+02
4.400000000000000000e+01 1.100000000000000000e+01 8.874700000000000273e+02
8.000000000000000000e+00 2.200000000000000000e+01 1.970750000000000000e+03
2.600000000000000000e+01 2.000000000000000000e+00 3.350500000000000114e+02
1.300000000000000000e+01 1.900000000000000000e+01 4.192200000000000273e+02
7.000000000000000000e+00 1.200000000000000000e+01 4.947400000000000091e+02
1.000000000000000000e+01 1.100000000000000000e+01 1.535509999999999991e+03
9.000000000000000000e+00 1.000000000000000000e+00 5.711100000000000136e+02
1.200000000000000000e+01 1.000000000000000000e+00 1.491210000000000036e+03
1.200000000000000000e+01 3.000000000000000000e+00 1.385529999999999973e+03
1.000000000000000000e+00 1.100000000000000000e+01 1.030930000000000064e+03
4.000000000000000000e+00 4.000000000000000000e+00 9.787100000000000364e+02
1.500000000000000000e+01 1.000000000000000000e+00 5.163300000000000409e+02
6.000000000000000000e+00 2.400000000000000000e+01 5.437500000000000000e+02
5.000000000000000000e+00 4.000000000000000000e+00 3.562300000000000182e+02
1.000000000000000000e+01 1.800000000000000000e+01 1.789670000000000073e+03
2.400000000000000000e+01 1.600000000000000000e+01 1.978789999999999964e+03
1.600000000000000000e+01 5.000000000000000000e+00 4.344800000000000182e+02
2.200000000000000000e+01 2.300000000000000000e+01 1.458640000000000100e+03
1.500000000000000000e+01 1.000000000000000000e+00 8.541000000000000227e+02
1.800000000000000000e+01 1.300000000000000000e+01 1.879269999999999982e+03
8.000000000000000000e+00 2.400000000000000000e+01 1.901089999999999918e+03
3.900000000000000000e+01 2.000000000000000000e+00 1.521440000000000055e+03
1.400000000000000000e+01 1.300000000000000000e+01 1.956900000000000091e+03
1.200000000000000000e+01 1.400000000000000000e+01 6.900599999999999454e+02
1.000000000000000000e+00 1.800000000000000000e+01 1.157170000000000073e+03
1.700000000000000000e+01 6.000000000000000000e+00 6.004600000000000364e+02
1.000000000000000000e+00 2.100000000000000000e+01 1.108490000000000009e+03
2.500000000000000000e+01 2.300000000000000000e+01 5.120099999999999909e+02
2.500000000000000000e+01 1.100000000000000000e+01 1.510079999999999927e+03
2.700000000000000000e+01 2.100000000000000000e+01 1.255119999999999891e+03
3.000000000000000000e+00 5.000000000000000000e+00 1.676559999999999945e+03
1.000000000000000000e+00 1.700000000000000000e+01 1.974680000000000064e+03
2.800000000000000000e+01 4.000000000000000000e+00 4.182200000000000273e+02
1.000000000000000000e+00 1.900000000000000000e+01 1.577279999999999973e+03
5.000000000000000000e+00 2.400000000000000000e+01 1.416819999999999936e+03
2.300000000000000000e+01 9.000000000000000000e+00 1.300039999999999964e+03
1.200000000000000000e+01 2.300000000000000000e+01 1.206859999999999900e+03
1.100000000000000000e+01 1.600000000000000000e+01 1.699099999999999909e+03
1.000000000000000000e+01 1.900000000000000000e+01 1.031099999999999909e+03
8.000000000000000000e+00 9.000000000000000000e+00 4.149900000000000091e+02
5.800000000000000000e+01 8.000000000000000000e+00 1.262549999999999955e+03
1.800000000000000000e+01 4.000000000000000000e+00 1.254339999999999918e+03
7.000000000000000000e+00 1.000000000000000000e+00 1.103450000000000045e+03
8.000000000000000000e+00 1.400000000000000000e+01 1.802109999999999900e+03
0.000000000000000000e+00 2.000000000000000000e+00 3.872400000000000091e+02
1.900000000000000000e+01 2.200000000000000000e+01 1.204619999999999891e+03
2.700000000000000000e+01 1.900000000000000000e+01 1.058390000000000100e+03
2.200000000000000000e+01 1.000000000000000000e+00 6.963700000000000045e+02
1.200000000000000000e+01 7.000000000000000000e+00 1.055710000000000036e+03
2.000000000000000000e+00 1.400000000000000000e+01 1.649809999999999945e+03
2.700000000000000000e+01 1.900000000000000000e+01 1.293730000000000018e+03
2.000000000000000000e+01 1.600000000000000000e+01 1.517390000000000100e+03
2.800000000000000000e+01 3.000000000000000000e+00 1.497349999999999909e+03
4.000000000000000000e+00 9.000000000000000000e+00 3.990199999999999818e+02
6.000000000000000000e+00 1.000000000000000000e+00 1.598450000000000045e+03
0.000000000000000000e+00 1.800000000000000000e+01 1.300990000000000009e+03
1.800000000000000000e+01 1.500000000000000000e+01 1.008740000000000009e+03
1.300000000000000000e+01 8.000000000000000000e+00 1.819960000000000036e+03
2.100000000000000000e+01 1.800000000000000000e+01 6.304700000000000273e+02
6.000000000000000000e+00 5.000000000000000000e+00 1.478859999999999900e+03
1.600000000000000000e+01 2.100000000000000000e+01 1.562079999999999927e+03
2.900000000000000000e+01 9.000000000000000000e+00 1.171589999999999918e+03
8.000000000000000000e+00 2.100000000000000000e+01 1.642859999999999900e+03
1.100000000000000000e+01 1.900000000000000000e+01 1.373119999999999891e+03
8.000000000000000000e+00 5.000000000000000000e+00 1.800699999999999932e+02
2.000000000000000000e+00 1.800000000000000000e+01 9.961699999999999591e+02
7.000000000000000000e+00 1.000000000000000000e+00 4.522999999999999687e+01
2.900000000000000000e+01 1.100000000000000000e+01 1.049440000000000055e+03
1.600000000000000000e+01 8.000000000000000000e+00 2.200300000000000011e+02
1.900000000000000000e+01 7.000000000000000000e+00 3.931399999999999864e+02
1.400000000000000000e+01 1.700000000000000000e+01 1.963579999999999927e+03
9.000000000000000000e+00 6.000000000000000000e+00 1.471200000000000045e+02
6.000000000000000000e+00 7.000000000000000000e+00 1.279700000000000045e+03
2.400000000000000000e+01 1.000000000000000000e+00 6.331699999999999591e+02
1.200000000000000000e+01 1.000000000000000000e+00 1.562660000000000082e+03
1.400000000000000000e+01 2.100000000000000000e+01 1.354589999999999918e+03
8.000000000000000000e+00 1.000000000000000000e+00 9.116200000000000045e+02
2.500000000000000000e+01 4.000000000000000000e+00 1.725819999999999936e+03
4.000000000000000000e+00 4.000000000000000000e+00 5.731599999999999682e+02
1.400000000000000000e+01 1.300000000000000000e+01 1.331529999999999973e+03
1.300000000000000000e+01 1.400000000000000000e+01 1.688130000000000109e+03
1.300000000000000000e+01 4.000000000000000000e+00 1.800000000000000000e+02
4.000000000000000000e+00 2.200000000000000000e+01 6.363799999999999955e+02
1.000000000000000000e+01 8.000000000000000000e+00 8.302400000000000091e+02
2.000000000000000000e+01 2.200000000000000000e+01 6.414299999999999500e+02
4.000000000000000000e+00 1.000000000000000000e+00 7.908400000000000318e+02
1.700000000000000000e+01 2.200000000000000000e+01 6.860000000000000000e+02
2.900000000000000000e+01 1.800000000000000000e+01 8.395299999999999727e+02
7.000000000000000000e+00 2.200000000000000000e+01 1.862150000000000091e+03
4.000000000000000000e+00 2.000000000000000000e+00 1.645009999999999991e+03
2.600000000000000000e+01 1.300000000000000000e+01 6.783899999999999864e+02
1.000000000000000000e+00 1.500000000000000000e+01 1.287700000000000045e+03
2.400000000000000000e+01 1.200000000000000000e+01 1.138130000000000109e+03
2.500000000000000000e+01 2.100000000000000000e+01 1.081900000000000091e+03
1.000000000000000000e+00 1.100000000000000000e+01 4.323199999999999932e+02
1.800000000000000000e+01 1.300000000000000000e+01 4.373299999999999841e+02
2.400000000000000000e+01 2.300000000000000000e+01 8.520499999999999545e+02
1.800000000000000000e+01 5.000000000000000000e+00 1.686859999999999900e+03
3.900000000000000000e+01 1.500000000000000000e+01 1.420240000000000009e+03
2.700000000000000000e+01 1.100000000000000000e+01 8.695499999999999545e+02
2.500000000000000000e+01 8.000000000000000000e+00 1.919579999999999927e+03
1.200000000000000000e+01 2.200000000000000000e+01 1.451940000000000055e+03
2.000000000000000000e+00 1.000000000000000000e+00 1.824640000000000100e+03
7.000000000000000000e+00 1.100000000000000000e+01 1.877279999999999973e+03
6.000000000000000000e+00 2.400000000000000000e+01 1.717299999999999955e+03
1.700000000000000000e+01 1.600000000000000000e+01 6.148050000000000182e+03
1.300000000000000000e+01 2.000000000000000000e+00 1.111700000000000017e+02
2.100000000000000000e+01 1.000000000000000000e+00 6.216100000000000136e+02
1.600000000000000000e+01 1.000000000000000000e+00 1.663789999999999964e+03
7.000000000000000000e+00 7.000000000000000000e+00 1.247650000000000091e+03
5.000000000000000000e+00 1.000000000000000000e+00 1.987199999999999989e+02
8.000000000000000000e+00 1.000000000000000000e+00 9.279500000000000455e+02
3.300000000000000000e+01 1.000000000000000000e+00 1.176200000000000045e+02
6.000000000000000000e+00 1.300000000000000000e+01 1.674319999999999936e+03
1.000000000000000000e+00 2.100000000000000000e+01 7.349800000000000182e+02
5.000000000000000000e+00 1.100000000000000000e+01 1.387500000000000000e+03
8.000000000000000000e+00 1.800000000000000000e+01 4.885000000000000000e+02
7.000000000000000000e+00 6.000000000000000000e+00 9.262999999999999545e+01
6.000000000000000000e+00 7.000000000000000000e+00 1.808210000000000036e+03
1.900000000000000000e+01 2.100000000000000000e+01 9.109400000000000546e+02
1.400000000000000000e+01 6.000000000000000000e+00 1.564150000000000091e+03
2.500000000000000000e+01 1.400000000000000000e+01 1.894130000000000109e+03
1.000000000000000000e+01 1.200000000000000000e+01 7.513799999999999955e+02
4.000000000000000000e+00 1.100000000000000000e+01 1.813509999999999991e+03
4.000000000000000000e+00 6.000000000000000000e+00 1.367150000000000091e+03
1.500000000000000000e+01 5.000000000000000000e+00 1.264089999999999918e+03
7.000000000000000000e+00 1.000000000000000000e+00 6.855499999999999545e+02
4.000000000000000000e+00 4.000000000000000000e+00 1.296339999999999918e+03
1.400000000000000000e+01 7.000000000000000000e+00 1.300119999999999891e+03
3.800000000000000000e+01 1.500000000000000000e+01 1.728680000000000064e+03
1.100000000000000000e+01 1.000000000000000000e+00 4.872799999999999727e+02
4.000000000000000000e+00 1.200000000000000000e+01 1.313309999999999945e+03
2.500000000000000000e+01 1.700000000000000000e+01 1.694349999999999909e+03
5.000000000000000000e+00 2.000000000000000000e+00 1.931970000000000027e+03
2.700000000000000000e+01 2.200000000000000000e+01 1.372359999999999900e+03
2.600000000000000000e+01 1.800000000000000000e+01 1.731940000000000055e+03
1.900000000000000000e+01 1.000000000000000000e+00 1.496829999999999927e+03
2.200000000000000000e+01 1.500000000000000000e+01 1.798789999999999964e+03
1.100000000000000000e+01 6.000000000000000000e+00 8.039400000000000546e+02
2.400000000000000000e+01 1.100000000000000000e+01 1.505960000000000036e+03
1.700000000000000000e+01 1.000000000000000000e+00 1.205199999999999960e+02
1.800000000000000000e+01 7.000000000000000000e+00 9.367699999999999818e+02
2.300000000000000000e+01 7.000000000000000000e+00 1.824410000000000082e+03
1.700000000000000000e+01 5.000000000000000000e+00 1.770800000000000125e+02
1.000000000000000000e+00 1.900000000000000000e+01 8.679900000000000091e+02
2.100000000000000000e+01 1.700000000000000000e+01 7.568799999999999955e+02
1.300000000000000000e+01 4.000000000000000000e+00 6.433810000000000400e+03
3.800000000000000000e+01 2.000000000000000000e+00 1.947539999999999964e+03
1.900000000000000000e+01 5.000000000000000000e+00 5.493500000000000227e+02
2.600000000000000000e+01 8.000000000000000000e+00 1.680690000000000055e+03
3.000000000000000000e+01 1.200000000000000000e+01 5.552000000000000455e+02
7.000000000000000000e+00 6.000000000000000000e+00 3.341200000000000045e+02
1.700000000000000000e+01 1.900000000000000000e+01 9.258899999999999864e+02
2.700000000000000000e+01 6.000000000000000000e+00 2.491999999999999886e+02
1.200000000000000000e+01 1.400000000000000000e+01 6.662999999999999545e+02
2.700000000000000000e+01 1.700000000000000000e+01 1.955269999999999982e+03
8.000000000000000000e+00 1.100000000000000000e+01 3.636200000000000045e+02
4.000000000000000000e+00 8.000000000000000000e+00 1.728000000000000000e+03
2.000000000000000000e+01 9.000000000000000000e+00 1.974300000000000068e+02
2.800000000000000000e+01 2.400000000000000000e+01 9.739299999999999500e+02
2.700000000000000000e+01 1.200000000000000000e+01 1.051750000000000000e+03
1.200000000000000000e+01 1.900000000000000000e+01 1.315319999999999936e+03
4.000000000000000000e+00 1.300000000000000000e+01 1.628319999999999936e+03
1.300000000000000000e+01 1.200000000000000000e+01 1.452099999999999909e+03
1.600000000000000000e+01 2.100000000000000000e+01 1.591589999999999918e+03
1.000000000000000000e+01 1.000000000000000000e+00 4.872400000000000091e+02
3.600000000000000000e+01 1.800000000000000000e+01 8.395199999999999818e+02
8.000000000000000000e+00 1.100000000000000000e+01 1.729519999999999982e+03
1.300000000000000000e+01 3.000000000000000000e+00 1.679000000000000000e+03
2.000000000000000000e+00 1.800000000000000000e+01 7.808799999999999955e+02
9.000000000000000000e+00 5.000000000000000000e+00 4.989900000000000091e+02
2.600000000000000000e+01 1.100000000000000000e+01 1.932640000000000100e+03
2.700000000000000000e+01 1.000000000000000000e+00 9.839000000000000057e+01
5.000000000000000000e+00 6.000000000000000000e+00 2.393600000000000136e+02
2.300000000000000000e+01 1.300000000000000000e+01 8.661900000000000546e+02
2.700000000000000000e+01 4.000000000000000000e+00 1.469940000000000055e+03
2.600000000000000000e+01 7.000000000000000000e+00 1.273069999999999936e+03
2.400000000000000000e+01 1.900000000000000000e+01 1.617509999999999991e+03
2.400000000000000000e+01 9.000000000000000000e+00 3.346800000000000068e+02
7.000000000000000000e+00 1.200000000000000000e+01 1.288099999999999909e+03
4.200000000000000000e+01 2.000000000000000000e+00 1.784509999999999991e+03
1.600000000000000000e+01 7.000000000000000000e+00 1.234329999999999927e+03
2.100000000000000000e+01 2.100000000000000000e+01 1.730019999999999982e+03
1.300000000000000000e+01 3.000000000000000000e+00 1.512119999999999891e+03
9.000000000000000000e+00 4.000000000000000000e+00 9.300000000000000000e+01
2.600000000000000000e+01 3.000000000000000000e+00 1.767680000000000064e+03
2.400000000000000000e+01 1.100000000000000000e+01 1.640190000000000055e+03
5.000000000000000000e+00 6.000000000000000000e+00 7.502599999999999909e+02
6.000000000000000000e+00 1.200000000000000000e+01 2.996600000000000250e+02
1.900000000000000000e+01 1.400000000000000000e+01 1.735089999999999918e+03
2.600000000000000000e+01 1.100000000000000000e+01 1.628490000000000009e+03
2.000000000000000000e+01 4.000000000000000000e+00 1.155019999999999982e+03
2.200000000000000000e+01 8.000000000000000000e+00 1.923309999999999945e+03
2.000000000000000000e+00 1.800000000000000000e+01 3.911000000000000227e+02
1.300000000000000000e+01 1.400000000000000000e+01 4.116100000000000136e+02
2.100000000000000000e+01 4.000000000000000000e+00 1.631059999999999945e+03
2.100000000000000000e+01 1.800000000000000000e+01 1.359470000000000027e+03
2.600000000000000000e+01 3.000000000000000000e+00 1.083380000000000109e+03
2.300000000000000000e+01 1.600000000000000000e+01 1.320690000000000055e+03
1.300000000000000000e+01 2.100000000000000000e+01 5.643300000000000409e+02
1.300000000000000000e+01 3.000000000000000000e+00 1.936930000000000064e+03
1.200000000000000000e+01 2.100000000000000000e+01 7.660599999999999454e+02
2.300000000000000000e+01 8.000000000000000000e+00 1.090769999999999982e+03
2.500000000000000000e+01 9.000000000000000000e+00 1.932460000000000036e+03
2.700000000000000000e+01 1.100000000000000000e+01 7.474199999999999591e+02
1.400000000000000000e+01 1.200000000000000000e+01 3.774700000000000273e+02
1.300000000000000000e+01 6.000000000000000000e+00 1.412800000000000011e+02
8.000000000000000000e+00 2.200000000000000000e+01 5.471399999999999864e+02
2.300000000000000000e+01 3.000000000000000000e+00 3.449499999999999886e+02
1.700000000000000000e+01 7.000000000000000000e+00 9.992400000000000091e+02
1.300000000000000000e+01 1.200000000000000000e+01 7.451100000000000136e+02
2.800000000000000000e+01 2.300000000000000000e+01 7.511900000000000546e+02
8.000000000000000000e+00 1.000000000000000000e+00 9.547200000000000273e+02
2.600000000000000000e+01 3.000000000000000000e+00 1.066269999999999982e+03
1.700000000000000000e+01 2.000000000000000000e+00 4.890799999999999841e+02
3.000000000000000000e+00 1.500000000000000000e+01 8.854900000000000091e+02
3.900000000000000000e+01 1.400000000000000000e+01 1.454390000000000100e+03
1.300000000000000000e+01 8.000000000000000000e+00 5.198300000000000409e+02
1.800000000000000000e+01 2.100000000000000000e+01 4.738700000000000045e+02
1.000000000000000000e+01 2.100000000000000000e+01 1.465950000000000045e+03
4.000000000000000000e+00 6.000000000000000000e+00 3.014900000000000091e+02
2.000000000000000000e+01 1.600000000000000000e+01 9.517599999999999909e+02
1.600000000000000000e+01 1.500000000000000000e+01 1.282640000000000100e+03
1.400000000000000000e+01 6.000000000000000000e+00 3.474200000000000159e+02
1.000000000000000000e+00 5.000000000000000000e+00 1.649799999999999898e+02
2.000000000000000000e+01 7.000000000000000000e+00 9.967000000000000171e+01
7.000000000000000000e+00 5.000000000000000000e+00 1.909289999999999964e+03
1.000000000000000000e+00 1.100000000000000000e+01 9.812000000000000455e+02
1.600000000000000000e+01 1.400000000000000000e+01 1.473619999999999891e+03
1.800000000000000000e+01 1.000000000000000000e+00 7.231000000000000227e+01
2.000000000000000000e+01 2.300000000000000000e+01 1.128240000000000009e+03
2.000000000000000000e+00 9.000000000000000000e+00 1.444390000000000100e+03
1.000000000000000000e+00 1.000000000000000000e+00 1.280000000000000000e+02
5.900000000000000000e+01 1.000000000000000000e+00 1.767930000000000064e+03
1.800000000000000000e+01 1.000000000000000000e+00 5.317300000000000182e+02
2.700000000000000000e+01 1.000000000000000000e+00 8.562999999999999545e+01
2.000000000000000000e+00 2.000000000000000000e+00 6.986699999999999591e+02
3.000000000000000000e+00 3.000000000000000000e+00 6.906399999999999864e+02
2.900000000000000000e+01 1.000000000000000000e+00 2.498499999999999943e+02
9.000000000000000000e+00 3.000000000000000000e+00 5.632799999999999727e+02
1.900000000000000000e+01 5.000000000000000000e+00 1.191269999999999982e+03
2.100000000000000000e+01 2.200000000000000000e+01 1.400809999999999945e+03
6.000000000000000000e+00 2.000000000000000000e+00 1.749210000000000036e+03
2.300000000000000000e+01 1.100000000000000000e+01 4.716000000000000227e+02
2.700000000000000000e+01 1.900000000000000000e+01 1.325109999999999900e+03
1.200000000000000000e+01 1.300000000000000000e+01 7.781100000000000136e+02
8.000000000000000000e+00 6.000000000000000000e+00 2.160900000000000034e+02
8.400000000000000000e+01 2.000000000000000000e+00 2.762599999999999909e+02
1.900000000000000000e+01 2.000000000000000000e+00 1.657460000000000036e+03
2.600000000000000000e+01 2.000000000000000000e+00 1.483829999999999927e+03
2.100000000000000000e+01 5.000000000000000000e+00 5.543799999999999955e+02
1.500000000000000000e+01 1.300000000000000000e+01 1.457710000000000036e+03
7.000000000000000000e+00 1.500000000000000000e+01 1.537569999999999936e+03
3.000000000000000000e+00 2.100000000000000000e+01 6.277200000000000273e+02
1.000000000000000000e+00 3.000000000000000000e+00 1.920019999999999982e+03
7.000000000000000000e+00 9.000000000000000000e+00 7.394500000000000455e+02
1.900000000000000000e+01 2.300000000000000000e+01 6.392100000000000364e+02
2.000000000000000000e+00 2.200000000000000000e+01 1.321410000000000082e+03
1.900000000000000000e+01 1.400000000000000000e+01 1.214690000000000055e+03
5.000000000000000000e+00 2.000000000000000000e+00 1.576960000000000036e+03
2.000000000000000000e+00 6.000000000000000000e+00 1.726920000000000073e+03
9.000000000000000000e+00 2.000000000000000000e+00 4.181800000000000068e+02
9.300000000000000000e+01 1.000000000000000000e+00 8.789199999999999591e+02
2.400000000000000000e+01 1.100000000000000000e+01 1.829069999999999936e+03
9.000000000000000000e+00 1.900000000000000000e+01 9.193300000000000409e+02
2.800000000000000000e+01 1.400000000000000000e+01 9.502100000000000364e+02
2.200000000000000000e+01 3.000000000000000000e+00 7.731599999999999682e+02
2.900000000000000000e+01 1.000000000000000000e+00 3.145199999999999818e+02
4.000000000000000000e+00 2.000000000000000000e+00 1.708359999999999900e+03
3.000000000000000000e+00 5.000000000000000000e+00 1.299199999999999875e+02
1.100000000000000000e+01 2.000000000000000000e+00 1.427690000000000055e+03
2.200000000000000000e+01 1.300000000000000000e+01 1.128250000000000000e+03
2.900000000000000000e+01 2.000000000000000000e+00 1.198380000000000109e+03
9.000000000000000000e+00 2.400000000000000000e+01 8.807899999999999636e+02
2.100000000000000000e+01 2.000000000000000000e+00 1.152140000000000100e+03
1.030000000000000000e+02 6.000000000000000000e+00 3.207900000000000205e+02
2.600000000000000000e+01 1.800000000000000000e+01 5.689500000000000455e+02
1.300000000000000000e+01 1.500000000000000000e+01 5.535800000000000409e+02
1.000000000000000000e+01 1.000000000000000000e+00 1.033199999999999932e+02
8.000000000000000000e+00 5.000000000000000000e+00 6.210999999999999943e+01
2.900000000000000000e+01 1.400000000000000000e+01 1.572410000000000082e+03
1.500000000000000000e+01 4.000000000000000000e+00 9.461599999999999682e+02
1.600000000000000000e+01 7.000000000000000000e+00 1.189990000000000009e+03
1.700000000000000000e+01 1.000000000000000000e+00 1.856609999999999900e+03
9.000000000000000000e+00 9.000000000000000000e+00 8.025599999999999454e+02
7.000000000000000000e+00 1.100000000000000000e+01 1.399319999999999936e+03
3.000000000000000000e+00 1.200000000000000000e+01 8.531799999999999500e+02
1.600000000000000000e+01 1.800000000000000000e+01 1.346299999999999955e+03
1.200000000000000000e+01 8.000000000000000000e+00 1.899430000000000064e+03
8.000000000000000000e+00 1.900000000000000000e+01 1.829730000000000018e+03
1.400000000000000000e+01 6.000000000000000000e+00 1.995319999999999936e+03
1.210000000000000000e+02 1.900000000000000000e+01 1.343960000000000036e+03
6.000000000000000000e+00 2.400000000000000000e+01 5.790000000000000000e+02
9.000000000000000000e+00 1.700000000000000000e+01 1.535079999999999927e+03
1.000000000000000000e+01 2.200000000000000000e+01 1.035150000000000091e+03
5.000000000000000000e+00 6.000000000000000000e+00 1.990329999999999927e+03
1.600000000000000000e+01 1.200000000000000000e+01 1.998240000000000009e+03
2.600000000000000000e+01 4.000000000000000000e+00 1.904230000000000018e+03
2.000000000000000000e+01 4.000000000000000000e+00 1.844990000000000009e+03
1.600000000000000000e+01 1.800000000000000000e+01 8.350299999999999727e+02
5.000000000000000000e+00 1.100000000000000000e+01 1.960200000000000045e+03
2.000000000000000000e+00 4.000000000000000000e+00 4.805000000000000000e+02
1.600000000000000000e+01 5.000000000000000000e+00 1.041529999999999973e+03
1.600000000000000000e+01 7.000000000000000000e+00 2.332199999999999989e+02
2.100000000000000000e+01 1.600000000000000000e+01 1.906480000000000018e+03
2.900000000000000000e+01 1.100000000000000000e+01 5.724099999999999682e+02
8.000000000000000000e+00 1.800000000000000000e+01 1.634839999999999918e+03
1.500000000000000000e+01 2.000000000000000000e+00 1.209200000000000017e+02
8.000000000000000000e+00 2.000000000000000000e+00 3.128500000000000227e+02
2.100000000000000000e+01 1.000000000000000000e+00 1.097339999999999918e+03
1.400000000000000000e+01 7.000000000000000000e+00 5.836499999999999773e+02
1.300000000000000000e+01 7.000000000000000000e+00 1.361690000000000055e+03
2.800000000000000000e+01 2.100000000000000000e+01 1.168849999999999909e+03
4.000000000000000000e+00 3.000000000000000000e+00 1.840559999999999945e+03
1.600000000000000000e+01 5.000000000000000000e+00 1.254119999999999891e+03
1.900000000000000000e+01 2.400000000000000000e+01 1.088950000000000045e+03
1.100000000000000000e+01 2.000000000000000000e+00 1.940849999999999909e+03
3.000000000000000000e+00 1.800000000000000000e+01 1.187400000000000091e+03
9.000000000000000000e+00 2.000000000000000000e+00 1.725069999999999936e+03
2.700000000000000000e+01 7.000000000000000000e+00 1.717700000000000045e+03
1.200000000000000000e+01 4.000000000000000000e+00 1.290950000000000045e+03
1.600000000000000000e+01 3.000000000000000000e+00 1.075380000000000109e+03
5.400000000000000000e+01 8.000000000000000000e+00 1.352200000000000045e+03
5.000000000000000000e+00 1.300000000000000000e+01 1.553190000000000055e+03
2.400000000000000000e+01 1.200000000000000000e+01 1.971230000000000018e+03
2.700000000000000000e+01 6.000000000000000000e+00 2.262500000000000000e+02
1.300000000000000000e+01 5.000000000000000000e+00 1.779410000000000082e+03
8.000000000000000000e+00 1.100000000000000000e+01 1.934779999999999973e+03
3.000000000000000000e+01 2.000000000000000000e+00 3.777300000000000182e+02
7.000000000000000000e+00 2.300000000000000000e+01 9.597300000000000182e+02
1.800000000000000000e+01 5.000000000000000000e+00 4.061200000000000045e+02
1.800000000000000000e+01 1.000000000000000000e+00 8.073500000000000227e+02
0.000000000000000000e+00 2.100000000000000000e+01 8.147599999999999909e+02
7.000000000000000000e+00 3.000000000000000000e+00 1.199349999999999909e+03
1.900000000000000000e+01 1.000000000000000000e+00 5.933099999999999454e+02
1.200000000000000000e+01 2.000000000000000000e+00 7.265099999999999909e+02
1.400000000000000000e+01 2.200000000000000000e+01 9.802699999999999818e+02
7.000000000000000000e+00 1.900000000000000000e+01 7.225700000000000500e+02
1.500000000000000000e+01 7.000000000000000000e+00 2.070699999999999932e+02
8.000000000000000000e+00 5.000000000000000000e+00 3.340899999999999750e+02
1.100000000000000000e+01 3.000000000000000000e+00 1.472329999999999927e+03
1.400000000000000000e+01 5.000000000000000000e+00 1.670740000000000009e+03
5.800000000000000000e+01 2.100000000000000000e+01 1.902069999999999936e+03
1.700000000000000000e+01 2.200000000000000000e+01 1.949759999999999991e+03
3.000000000000000000e+00 2.200000000000000000e+01 4.907200000000000273e+02
9.000000000000000000e+00 3.000000000000000000e+00 1.451399999999999864e+02
5.000000000000000000e+00 1.000000000000000000e+00 9.040999999999999659e+01
1.000000000000000000e+01 4.000000000000000000e+00 1.184300000000000068e+02
5.000000000000000000e+00 2.000000000000000000e+00 5.279199999999999591e+02
2.300000000000000000e+01 1.100000000000000000e+01 1.887650000000000091e+03
2.700000000000000000e+01 1.600000000000000000e+01 1.344289999999999964e+03
2.400000000000000000e+01 2.000000000000000000e+00 1.665910000000000082e+03
1.000000000000000000e+01 1.900000000000000000e+01 4.393100000000000023e+02
4.000000000000000000e+00 2.000000000000000000e+00 8.124700000000000273e+02
1.600000000000000000e+01 6.000000000000000000e+00 1.251319999999999936e+03
2.100000000000000000e+01 2.200000000000000000e+01 1.497220000000000027e+03
2.500000000000000000e+01 1.400000000000000000e+01 1.328079999999999927e+03
7.000000000000000000e+00 1.000000000000000000e+00 2.850500000000000114e+02
2.700000000000000000e+01 9.000000000000000000e+00 2.701800000000000068e+02
5.200000000000000000e+01 7.000000000000000000e+00 6.495800000000000409e+02
1.800000000000000000e+01 1.000000000000000000e+00 7.309999999999999432e+01
2.300000000000000000e+01 6.000000000000000000e+00 2.711000000000000227e+02
2.800000000000000000e+01 7.000000000000000000e+00 3.099200000000000159e+02
2.700000000000000000e+01 4.000000000000000000e+00 1.582049999999999955e+03
5.000000000000000000e+00 1.700000000000000000e+01 1.661150000000000091e+03
2.400000000000000000e+01 6.000000000000000000e+00 3.270899999999999750e+02
1.500000000000000000e+01 6.000000000000000000e+00 2.146999999999999886e+02
1.400000000000000000e+01 4.000000000000000000e+00 5.730299999999999727e+02
1.500000000000000000e+01 9.000000000000000000e+00 4.239800000000000182e+02
2.200000000000000000e+01 3.000000000000000000e+00 8.959099999999999682e+02
2.800000000000000000e+01 5.000000000000000000e+00 1.651609999999999900e+03
2.000000000000000000e+01 2.000000000000000000e+00 1.615999999999999943e+02
1.000000000000000000e+01 2.000000000000000000e+00 6.660499999999999545e+02
1.200000000000000000e+01 4.000000000000000000e+00 5.969299999999999500e+02
2.700000000000000000e+01 1.800000000000000000e+01 1.919109999999999900e+03
2.200000000000000000e+01 1.800000000000000000e+01 1.348369999999999891e+03
1.100000000000000000e+01 1.600000000000000000e+01 1.746069999999999936e+03
6.000000000000000000e+00 2.400000000000000000e+01 6.850800000000000409e+02
2.800000000000000000e+01 6.000000000000000000e+00 1.272970000000000027e+03
3.000000000000000000e+00 1.900000000000000000e+01 1.527410000000000082e+03
1.700000000000000000e+01 5.000000000000000000e+00 1.968289999999999964e+03
2.100000000000000000e+01 2.400000000000000000e+01 1.269700000000000045e+03
2.700000000000000000e+01 1.400000000000000000e+01 7.558500000000000227e+02
6.000000000000000000e+00 2.100000000000000000e+01 1.471019999999999982e+03
2.800000000000000000e+01 2.600000000000000000e+01 1.167930000000000064e+03
2.000000000000000000e+01 1.000000000000000000e+00 3.431800000000000068e+02
2.600000000000000000e+01 1.100000000000000000e+01 1.051250000000000000e+03
2.000000000000000000e+01 1.800000000000000000e+01 1.190900000000000091e+03
2.400000000000000000e+01 6.000000000000000000e+00 5.640199999999999818e+02
5.000000000000000000e+00 2.800000000000000000e+01 1.090559999999999945e+03
8.000000000000000000e+00 2.200000000000000000e+01 1.687670000000000073e+03
1.700000000000000000e+01 2.100000000000000000e+01 1.968930000000000064e+03
2.800000000000000000e+01 1.800000000000000000e+01 4.365400000000000205e+02
2.800000000000000000e+01 5.000000000000000000e+00 1.681400000000000091e+03
2.000000000000000000e+01 1.000000000000000000e+00 2.842999999999999972e+01
4.000000000000000000e+00 2.000000000000000000e+01 8.372999999999999545e+02
7.000000000000000000e+00 1.700000000000000000e+01 8.032100000000000364e+02
4.000000000000000000e+00 1.000000000000000000e+00 4.970000000000000284e+01
1.000000000000000000e+00 1.100000000000000000e+01 6.120499999999999545e+02
1.400000000000000000e+01 2.000000000000000000e+01 1.121529999999999973e+03
1.600000000000000000e+01 6.000000000000000000e+00 1.732700000000000102e+02
1.200000000000000000e+01 2.300000000000000000e+01 9.541100000000000136e+02
3.000000000000000000e+00 2.600000000000000000e+01 7.012300000000000182e+02
2.500000000000000000e+01 1.000000000000000000e+01 9.956100000000000136e+02
1.500000000000000000e+01 4.000000000000000000e+00 1.576220000000000027e+03
5.000000000000000000e+00 5.000000000000000000e+00 1.559119999999999891e+03
8.000000000000000000e+00 1.000000000000000000e+00 1.611500000000000057e+02
1.100000000000000000e+01 2.000000000000000000e+00 2.256899999999999977e+02
2.000000000000000000e+00 2.000000000000000000e+00 1.776009999999999991e+03
2.400000000000000000e+01 1.000000000000000000e+01 1.599470000000000027e+03
2.100000000000000000e+01 3.000000000000000000e+00 3.042300000000000182e+02
6.000000000000000000e+00 1.500000000000000000e+01 1.856109999999999900e+03
2.400000000000000000e+01 1.000000000000000000e+01 7.342899999999999636e+02
5.300000000000000000e+01 6.000000000000000000e+00 1.437019999999999982e+03
2.500000000000000000e+01 8.000000000000000000e+00 8.795499999999999545e+02
6.900000000000000000e+01 2.100000000000000000e+01 6.775000000000000000e+02
8.000000000000000000e+00 2.400000000000000000e+01 1.830940000000000055e+03
2.000000000000000000e+00 6.000000000000000000e+00 5.215800000000000409e+02
1.800000000000000000e+01 2.200000000000000000e+01 5.983400000000000318e+02
2.900000000000000000e+01 9.000000000000000000e+00 2.459600000000000080e+02
4.000000000000000000e+00 2.000000000000000000e+01 1.127640000000000100e+03
2.500000000000000000e+01 1.500000000000000000e+01 1.176690000000000055e+03
1.300000000000000000e+01 2.300000000000000000e+01 1.312579999999999927e+03
6.000000000000000000e+00 2.500000000000000000e+01 5.475800000000000409e+02
4.000000000000000000e+00 4.000000000000000000e+00 7.149500000000000455e+02
1.000000000000000000e+00 2.200000000000000000e+01 1.617220000000000027e+03
2.200000000000000000e+01 8.000000000000000000e+00 1.893539999999999964e+03
2.700000000000000000e+01 2.900000000000000000e+01 1.290450000000000045e+03
2.300000000000000000e+01 1.300000000000000000e+01 1.434730000000000018e+03
3.000000000000000000e+00 5.000000000000000000e+00 2.005200000000000102e+02
8.000000000000000000e+00 1.700000000000000000e+01 1.042819999999999936e+03
2.100000000000000000e+01 7.000000000000000000e+00 1.542579999999999927e+03
7.000000000000000000e+00 1.000000000000000000e+00 1.710900000000000034e+02
1.600000000000000000e+01 1.000000000000000000e+00 4.960999999999999943e+01
3.000000000000000000e+00 3.000000000000000000e+00 4.434200000000000159e+02
1.500000000000000000e+01 8.000000000000000000e+00 4.102699999999999818e+02
1.800000000000000000e+01 1.000000000000000000e+00 3.382200000000000273e+02
2.600000000000000000e+01 9.000000000000000000e+00 3.894700000000000273e+02
1.900000000000000000e+01 9.000000000000000000e+00 1.627359999999999900e+03
2.000000000000000000e+00 1.500000000000000000e+01 6.178200000000000500e+02
2.700000000000000000e+01 1.700000000000000000e+01 9.210000000000000000e+02
1.000000000000000000e+01 1.300000000000000000e+01 6.022899999999999636e+02
5.000000000000000000e+00 7.000000000000000000e+00 1.322700000000000102e+02
1.500000000000000000e+01 1.900000000000000000e+01 7.041599999999999682e+02
2.600000000000000000e+01 1.700000000000000000e+01 1.336089999999999918e+03
2.400000000000000000e+01 9.000000000000000000e+00 1.992700000000000102e+02
2.800000000000000000e+01 9.000000000000000000e+00 1.438390000000000100e+03
2.000000000000000000e+01 2.600000000000000000e+01 7.735000000000000000e+02
2.000000000000000000e+01 3.000000000000000000e+00 2.519399999999999977e+02
1.500000000000000000e+01 1.000000000000000000e+01 1.337509999999999991e+03
1.800000000000000000e+01 1.100000000000000000e+01 3.010899999999999750e+02
2.200000000000000000e+01 1.400000000000000000e+01 7.143600000000000136e+02
1.000000000000000000e+01 2.000000000000000000e+00 1.513690000000000055e+03
1.400000000000000000e+01 1.600000000000000000e+01 3.938100000000000023e+02
2.500000000000000000e+01 1.000000000000000000e+01 9.045800000000000409e+02
2.100000000000000000e+01 1.000000000000000000e+00 3.586200000000000045e+02
1.800000000000000000e+01 1.300000000000000000e+01 1.696640000000000100e+03
2.000000000000000000e+01 3.000000000000000000e+00 4.656999999999999886e+02
1.000000000000000000e+01 5.000000000000000000e+00 6.315900000000000318e+02
2.900000000000000000e+01 1.500000000000000000e+01 1.283589999999999918e+03
1.100000000000000000e+01 9.000000000000000000e+00 1.335589999999999918e+03
2.700000000000000000e+01 2.300000000000000000e+01 9.904900000000000091e+02
2.100000000000000000e+01 1.700000000000000000e+01 1.256470000000000027e+03
1.000000000000000000e+00 1.900000000000000000e+01 1.728839999999999918e+03
8.000000000000000000e+00 4.000000000000000000e+00 6.178300000000000409e+02
1.000000000000000000e+01 9.000000000000000000e+00 1.380940000000000055e+03
4.000000000000000000e+00 3.000000000000000000e+00 1.783680000000000064e+03
4.000000000000000000e+00 1.000000000000000000e+00 2.323999999999999844e+01
1.900000000000000000e+01 9.000000000000000000e+00 5.872400000000000091e+02
1.100000000000000000e+01 1.300000000000000000e+01 1.574299999999999955e+03
1.900000000000000000e+01 1.000000000000000000e+00 1.898460000000000036e+03
8.000000000000000000e+00 1.000000000000000000e+00 9.531799999999999500e+02
2.300000000000000000e+01 2.000000000000000000e+00 3.513899999999999864e+02
6.000000000000000000e+00 7.000000000000000000e+00 6.527999999999999545e+02
2.600000000000000000e+01 2.000000000000000000e+00 1.270240000000000009e+03
1.900000000000000000e+01 6.000000000000000000e+00 2.078199999999999932e+02
2.300000000000000000e+01 1.000000000000000000e+00 6.831000000000000227e+01
2.000000000000000000e+01 7.000000000000000000e+00 1.525259999999999991e+03
1.300000000000000000e+01 1.200000000000000000e+01 1.992170000000000073e+03
1.800000000000000000e+01 1.500000000000000000e+01 1.956900000000000091e+03
1.500000000000000000e+01 3.000000000000000000e+00 1.945200000000000045e+03
2.000000000000000000e+00 8.000000000000000000e+00 1.893180000000000064e+03
2.200000000000000000e+01 2.700000000000000000e+01 1.554730000000000018e+03
1.100000000000000000e+01 1.800000000000000000e+01 1.424690000000000055e+03
5.000000000000000000e+00 2.000000000000000000e+00 2.481100000000000136e+02
1.000000000000000000e+00 5.000000000000000000e+00 2.759300000000000068e+02
9.000000000000000000e+00 1.300000000000000000e+01 1.611269999999999982e+03
1.000000000000000000e+01 1.000000000000000000e+00 9.371999999999999886e+01
1.800000000000000000e+01 1.000000000000000000e+01 1.530480000000000018e+03
2.700000000000000000e+01 1.300000000000000000e+01 1.509410000000000082e+03
9.000000000000000000e+00 2.400000000000000000e+01 1.281480000000000018e+03
2.600000000000000000e+01 3.000000000000000000e+00 5.392000000000000455e+02
2.900000000000000000e+01 2.000000000000000000e+00 1.399099999999999909e+03
2.500000000000000000e+01 2.900000000000000000e+01 1.733380000000000109e+03
2.700000000000000000e+01 1.400000000000000000e+01 6.535499999999999545e+02
4.300000000000000000e+01 2.000000000000000000e+00 7.061200000000000045e+02
2.400000000000000000e+01 2.900000000000000000e+01 1.489269999999999982e+03
2.800000000000000000e+01 2.100000000000000000e+01 1.956829999999999927e+03
1.200000000000000000e+01 1.400000000000000000e+01 1.795230000000000018e+03
1.000000000000000000e+01 2.200000000000000000e+01 7.308799999999999955e+02
7.000000000000000000e+00 1.100000000000000000e+01 1.583769999999999982e+03
1.800000000000000000e+01 2.000000000000000000e+00 1.697500000000000000e+02
1.800000000000000000e+01 6.000000000000000000e+00 1.607650000000000091e+03
6.800000000000000000e+01 3.000000000000000000e+00 9.161900000000000546e+02
2.000000000000000000e+01 2.300000000000000000e+01 6.815700000000000500e+02
1.600000000000000000e+01 1.200000000000000000e+01 1.528569999999999936e+03
5.000000000000000000e+00 2.800000000000000000e+01 1.396470000000000027e+03
3.000000000000000000e+00 3.000000000000000000e+00 2.598299999999999841e+02
4.000000000000000000e+00 6.000000000000000000e+00 1.804299999999999955e+03
1.500000000000000000e+01 2.100000000000000000e+01 1.073819999999999936e+03
2.700000000000000000e+01 1.100000000000000000e+01 8.841499999999999773e+02
1.600000000000000000e+01 7.000000000000000000e+00 4.116499999999999773e+02
2.000000000000000000e+01 2.000000000000000000e+01 9.334700000000000273e+02
9.000000000000000000e+00 1.900000000000000000e+01 1.692980000000000018e+03
1.000000000000000000e+00 1.400000000000000000e+01 1.168039999999999964e+03
1.800000000000000000e+01 9.000000000000000000e+00 2.896700000000000159e+02
2.100000000000000000e+01 6.000000000000000000e+00 1.527150000000000091e+03
1.000000000000000000e+00 2.000000000000000000e+01 1.951029999999999973e+03
0.000000000000000000e+00 4.000000000000000000e+00 1.331319999999999936e+03
1.300000000000000000e+01 2.700000000000000000e+01 7.191200000000000045e+02
1.600000000000000000e+01 6.000000000000000000e+00 7.353099999999999454e+02
5.600000000000000000e+01 4.000000000000000000e+00 1.869920000000000073e+03
2.600000000000000000e+01 1.000000000000000000e+00 1.501800000000000068e+02
2.400000000000000000e+01 2.000000000000000000e+00 1.575399999999999920e+02
2.000000000000000000e+00 9.000000000000000000e+00 1.748720000000000027e+03
1.500000000000000000e+01 3.000000000000000000e+00 8.909900000000000091e+02
1.600000000000000000e+01 1.100000000000000000e+01 6.497899999999999636e+02
2.300000000000000000e+01 2.700000000000000000e+01 1.628779999999999973e+03
2.100000000000000000e+01 2.000000000000000000e+00 1.599240000000000009e+03
1.200000000000000000e+01 2.300000000000000000e+01 1.550609999999999900e+03
8.000000000000000000e+00 1.000000000000000000e+00 1.835500000000000114e+02
2.600000000000000000e+01 5.000000000000000000e+00 1.230319999999999936e+03
9.000000000000000000e+00 1.400000000000000000e+01 1.627190000000000055e+03
1.100000000000000000e+01 2.800000000000000000e+01 1.154700000000000045e+03
1.700000000000000000e+01 1.000000000000000000e+00 3.357999999999999829e+01
1.500000000000000000e+01 9.000000000000000000e+00 1.959640000000000100e+03
1.000000000000000000e+01 2.200000000000000000e+01 1.581140000000000100e+03
2.700000000000000000e+01 5.000000000000000000e+00 1.879819999999999936e+03
2.500000000000000000e+01 3.000000000000000000e+00 1.142400000000000091e+03
1.500000000000000000e+01 1.000000000000000000e+00 1.746399999999999864e+02
5.000000000000000000e+00 2.000000000000000000e+00 6.388099999999999454e+02
1.900000000000000000e+01 4.000000000000000000e+00 1.067779999999999973e+03
1.400000000000000000e+01 2.200000000000000000e+01 1.345920000000000073e+03
6.000000000000000000e+00 3.000000000000000000e+00 1.311059999999999945e+03
2.600000000000000000e+01 8.000000000000000000e+00 9.626200000000000045e+02
2.300000000000000000e+01 1.000000000000000000e+00 2.859700000000000273e+02
1.700000000000000000e+01 1.700000000000000000e+01 1.651680000000000064e+03
1.600000000000000000e+01 3.000000000000000000e+00 1.503869999999999891e+03
6.000000000000000000e+00 1.300000000000000000e+01 1.506480000000000018e+03
2.200000000000000000e+01 2.400000000000000000e+01 6.251200000000000045e+02
2.800000000000000000e+01 1.700000000000000000e+01 1.742950000000000045e+03
1.700000000000000000e+01 2.600000000000000000e+01 1.292210000000000036e+03
1.600000000000000000e+01 7.000000000000000000e+00 1.801380000000000109e+03
1.000000000000000000e+00 2.700000000000000000e+01 1.585099999999999909e+03
1.700000000000000000e+01 2.700000000000000000e+01 7.795029999999999745e+03
2.000000000000000000e+00 1.700000000000000000e+01 2.341929999999999836e+03
1.000000000000000000e+00 5.000000000000000000e+00 1.865779999999999973e+03
1.900000000000000000e+01 4.000000000000000000e+00 1.163079999999999927e+03
9.000000000000000000e+00 7.000000000000000000e+00 1.007059999999999945e+03
2.700000000000000000e+01 7.000000000000000000e+00 1.322940000000000055e+03
3.000000000000000000e+01 4.000000000000000000e+00 8.604099999999999682e+02
2.200000000000000000e+01 1.000000000000000000e+00 7.767000000000000455e+02
